"Large Text Compression Benchmark" sorted at the same time by compression ratio, speed and memory usage
https://gist.github.com/Nakilon/09fac4335b95f9617e4c82af4d9e1e7d
                   -     -           -
cmix               1     1204436.0   25738.0
phda9              2     172487.0    6319.0
nncp               3     1982515.0   5360.0
paq8pxd_v48_bwt1   4     1159788.0   51865.0
durilca'kingsize   5     3195.0      13000.0
cmve               6     2281602.0   19963.0
paq8hp12any        7     75244.0     1850.0
drt|emma           8     140103.0    3800.0
zpaq               9     21438.0     14000.0
drt|lpaq9m         10    1766.0      1542.0
mcm                11    675.0       5961.0
nanozip            12    2290.0      32000.0
xwrt               13    4865.0      1691.0
fp8                14    43198.0     1192.0
WinRK              15    137110.0    800.0
ppmonstr           16    7174.0      1700.0
zcm                17    832.0       3100.0
slim               18    10632.0     1700.0
bwmonstr           19    487948.0    590.0
nanozipltcb        20    94.0        3350.0
M03                21    863.0       5735.0
glza               22    8195.9      8205.0
bcm                23    315.0       5000.0
bsc                24    436.0       5095.0
bbb                25    7143.0      1401.0
pcompress          26    433.0       3300.0
paq9a              27    8018.0      1585.0
uda                28    50456.0     180.0
BWTmix             29    2484.0      5000.0
lrzip              30    5916.0      2700.0
cm4_ext            31    8253.0      1906.0
M1x2               32    1426.0      1051.0
cmm4               33    4108.0      1321.0
lstm-compress      34    184218.0    9.0
ccmx               35    2651.0      1332.0
bit                36    4150.0      663.0
mcomp              37    872.0       1643.0
epmopt|epm         38    6555.0      800.0
WinUDA             39    47083.0     194.0
dark               40    986.0       1692.0
FreeArc            41    2391.0      1046.0
hook               42    1436.0      1777.0
7zip               43    1049.0      1630.0
rings              44    443.0       2518.0
pimple2            45    36466.0     128.0
ash                46    11953.0     700.0
bce3               47    3595.0      5000.0
ocamyd             48    218960.0    300.0
bee                49    18580.0     512.0
uhbc               50    2378.0      800.0
smac               51    8648.0      1542.0
ppmd               52    1775.0      256.0
tc                 53    7292.0      230.0
bwtsdc             54    2520.0      5213.0
fbc                55    866.0       1647.0
ppmvc              56    1811.0      272.0
chile              57    3025.0      1426.0
bwtdisk            58    2248.0      3500.0
CTXf               59    2149.0      78.0
m03exp             60    6900.0      256.0
Stuffit            61    1286.0      1062.0
plzma              62    8944.0      10110.0
crook              63    996.0       1641.0
ppmx               64    1561.0      609.0
lzturbo            65    1920.0      14700.0
enc                66    13711.0     50.0
comprolz           67    1292.0      688.0
sbc                68    2046.0      224.0
xz                 69    5896.0      6000.0
WinRAR             70    921.0       128.0
quark              71    28169.0     534.0
lzip               72    2430.0      5632.0
comprox            73    1070.0      688.0
bssc               74    795.0       140.0
flashzip           75    1418.0      802.0
lzham              76    1102.6      7800.0
csarc              77    643.0       2463.0
packet             78    988.0       2824.0
uharc              79    2996.0      50.0
TarsaLZP           80    406.0       2000.0
GRZipII            81    528.0       58.0
4x4                82    626.0       269.0
rzm                83    2417.0      160.0
pim                84    1528.0      88.0
CTW                85    38745.0     144.0
boa                86    8053.0      17.0
yxz                87    719.0       1590.0
zstd               88    703.2       792.0
tornado            89    1482.0      1290.0
LZPXj              90    1500.0      1316.0
scmppm             91    1352.0      20.0
acb                92    21539.0     16.0
crushm             93    1266.0      39.0
PX                 94    3647.0      66.0
DGCA               95    1128.0      76.0
Squeez             96    2691.0      365.0
fpaq2              97    40369.0     131.0
TinyCM             98    2672.0      1083.0
dmc                99    1397.0      1800.0
lza                100   458.7       2000.0
brotli             101   3405.9      437.0
szip               102   1480.0      21.0
balz               103   3890.0      206.0
lzpm               104   15452.0     740.0
qazar              105   6641.0      105.0
KuaiZip            106   1108.0      197.0
qc                 107   9721.0      151.0
ppms               108   684.0       1.8
dzo                109   1247.0      200.0
comprox_ba         110   498.0       226.0
WinTurtle          111   510.0       583.0
diz                112   43986.0     1350.0
cabarc             113   1634.0      20.0
sr3                114   308.0       68.0
bzip2              115   508.0       8.0
rh5_x64            116   205.4       145.0
RangeCoderC        117   4896.0      1116.0
quad               118   1072.0      34.0
WinACE             119   1157.0      4.0
lzsr               120   282.0       6.0
libzling           121   110.0       28.0
xpv5               122   2875.0      9.0
sr3c               123   305.0       5.0
lzc                124   365.0       550.0
nakamichi          125   8200001.3   302000.0
crush              126   950.9       148.0
xeloz              127   1079.0      230.0
bzp                128   230.0       3.0
ha                 129   3810.0      0.8
ulz                130   326.1       490.0
irolz              131   418.0       17.0
lcssr              132   16467.0     1184.0
zlite              133   89.0        36.0
lazy               134   297.0       96.0
zhuff              135   27.5        32.0
slug               136   60.0        14.0
pigz               137   2250.0      25.0
kzip               138   6125.0      121.0
uc2                139   423.0       4.0
thor               140   98.0        16.0
etincelle          141   47.0        976.0
lz5                142   10581.7     1139.0
gzip124hack        143   168.0       1.0
doboz              144   536.4       1200.0
gzip               145   118.0       1.6
Info-ZIP           146   139.0       0.1
pkzip              147   221.0       2.5
jar                148   213.0       1.2
PeaZip             149   486.0       8.0
arj                150   329.0       3.0
lzgt3a             151   4467.0      2.0
lzuf               152   486.0       2.0
pucrunch           153   3112.0      2.0
packARC            154   2845.0      23.0
urban              155   831.0       6.0
lzop               156   301.0       1.8
lzw                157   3628.0      18.0
MTCompressor       158   290.0       74.0
lz4x               159   80.4        114.0
arbc2z             160   5333.0      68.0
lz4                161   91.0        20.0
lzss               162   109.3       145.0
xdelta             163   1051.0      47.0
brieflz            164   28.5        3.0
mtari              165   179.0       18.0
lzf                166   70.2        151.0
srank              167   96.0        2.0
QuickLZ            168   60.0        3.0
stz                169   27.0        3.0
compress           170   173.0       1.8
lzrw3-a            171   55.0        2.0
fcm1               172   489.0       1.0
runcoder1          173   296.0       4.0
data-shrinker      174   14.0        2.0
lzwc_bitwise       175   257.0       71.0
exdupe             176   27.0        1000.0
lzv                177   2.6         3.0
FastLZ             178   31.0        1.0
sharc              179   29.0        6.0
flzp               180   116.0       8.0
alba               181   249.0       4.0
snappy             182   37.0        0.1
bpe                183   667.0       0.5
kwc                184   583.0       668.0
bpe2               185   650.0       0.5
fpaq0f2            186   429.0       0.4
ppp                187   139.0       1.0
ksc                188   47967.0     1700.0
lzbw1              189   27.0        55.0
lzp2               190   11.0        15.0
NTFS               191   10.0        0.1
shindlet_fs        192   216.0       0.6
arb255             193   5125.0      1.6
compact            194   380.0       0.2
TinyLZP            195   70.0        10.0
smile              196   20931.0     0.6
barf               197   809.0       4.0
arb2x              198   5080.0      1.6
